1.028575,1200
2.052766,1200
3.0739,1200
4.109418,1200
5.137027,1200
6.14191,1200
7.161682,1200
8.186081,1200
9.214545,1200
10.24549,1200
11.26041,1200
12.26442,1200
13.27709,1200
14.29462,1200
15.30054,1200
16.30698,1200
17.31113,1200
18.33092,1200
19.3461,1200
20.36034,1200
21.36606,1200
22.37438,1200
23.39059,1200
24.42068,1200
25.42702,1200
26.44943,1200
27.49022,1200
28.4975,1200
29.5296,1200
30.54812,1200
31.5534,1200
32.56272,1199
33.60052,1198
34.63375,1195
35.64892,1190
36.67677,1186
37.69529,1181
38.73714,1175
39.76532,1168
40.78745,1160
41.80251,1152
42.82276,1143
43.85022,1131
44.89023,1119
45.90047,1107
46.91814,1089
47.91988,1075
48.94315,1060
49.9781,1042
51.01968,1020
52.02991,1009
53.03006,997
54.05103,981
55.07232,967
56.08014,954
57.09227,940
58.09736,926
59.09896,908
60.13262,891
61.14014,880
62.14617,870
63.17809,857
64.21252,843
65.21269,828
66.23969,810
67.25594,798
68.25704,781
69.25723,767
70.26429,756
71.27673,749
72.28091,740
73.29133,727
74.30579,719
75.31666,706
76.33839,692
77.37978,679
78.39729,669
79.39872,654
80.40243,643
81.4257,633
82.44232,617
83.46284,604
84.49271,592
85.50034,579
86.52819,562
87.55373,547
88.58226,532
89.59053,512
90.62343,498
91.64695,483
92.64733,472
93.68221,453
94.69036,437
95.70116,422
96.72797,404
97.74836,385
98.75143,367
99.76781,348
100.7797,332
101.7919,320
102.801,305
103.8069,290
104.8185,278
105.824,268
106.8454,257
107.8549,246
108.874,231
109.9039,217
110.9177,205
111.9223,199
112.9309,188
113.9383,180
114.9536,170
115.9686,158
116.9856,143
118.0034,129
119.0081,115
120.0207,102
121.0444,87
122.0634,71
123.0733,56
124.0757,41
125.0837,33
126.1035,31
127.1308,30
128.1379,28
129.1436,24
130.1758,23
131.197,20
132.2056,18
133.2084,18
134.2196,16
135.224,15
136.2563,13
137.2644,12
138.2701,11
139.2913,9
140.3091,7
141.321,4
142.3411,3
143.342,3
144.3804,1
145.3862,1
146.4024,1
147.4248,1
148.4351,1
149.4474,1
150.4484,1
151.4495,1
152.4841,0
153.485,0
154.4959,0
155.513,0
156.5258,0
157.5471,0
158.565,0
159.581,0
160.5827,0
161.5987,0
162.6064,0
163.6243,0
164.6317,0
165.654,0
166.6562,0
167.6804,0
168.6849,0
169.6917,0
170.7065,0
171.7124,0
172.7213,0
173.7385,0
174.7588,0
175.7702,0
176.7843,0
177.801,0
178.8051,0
179.8221,0
180.8458,0
181.8627,0
182.8801,0
183.8848,0
184.9064,0
185.9209,0
186.937,0
187.9404,0
188.9623,0
189.9856,0
190.9958,0
192.008,0
193.0296,0
194.0338,0
195.0646,0
196.0871,0
197.0972,0
198.1064,0
199.1177,0
200.1276,0
201.1382,0
202.1593,0
203.16,0
204.1687,0
205.1848,0
206.1961,0
207.1978,0
208.2086,0
209.2088,0
210.2106,0
211.2183,0
212.2237,0
213.2424,0
214.2565,0
215.2724,0
216.2802,0
217.2952,0
218.2999,0
219.3217,0
220.3381,0
221.3386,0
222.3403,0
223.351,0
224.3646,0
225.3838,0
226.4035,0
227.4235,0
228.4423,0
229.4509,0
230.4639,0
231.4694,0
232.4725,0
233.473,0
234.4774,0
235.4949,0
236.5152,0
237.5291,0
238.5477,0
239.5713,0
240.5924,0
241.6006,0
242.6208,0
243.6442,0
244.6671,0
245.677,0
246.6907,0
247.7106,0
248.7264,0
249.744,0
250.7588,0
251.7746,0
252.7839,0
253.7958,0
254.811,0
255.8262,0
256.8408,0
257.8511,0
258.8535,0
259.859,0
260.8628,0
261.8649,0
262.8803,0
263.8935,0
264.8988,0
265.9188,0
266.9381,0
267.9575,0
268.9639,0
269.9682,0
270.9693,0
271.9833,0
272.9868,0
274.0063,0
275.0212,0
276.0313,0
277.0365,0
278.0536,0
279.0652,0
280.0709,0
281.0734,0
282.089,0
283.0961,0
284.1013,0
285.1082,0
286.1245,0
287.1437,0
288.1549,0
289.1606,0
290.1694,0
291.1889,0
292.1975,0
293.2016,0
294.2113,0
295.2276,0
296.2381,0
297.2573,0
298.2679,0
299.289,0
300.29,0
301.3148,0
302.3373,0
303.3493,0
304.3624,0
305.3793,0
306.401,0
307.4184,0
308.4285,0
309.451,0
310.463,0
311.4836,0
312.4965,0
313.4971,0
314.5063,0
315.5072,0
316.5106,0
317.5136,0
318.5165,0
319.5342,0
320.552,0
321.5576,0
322.5673,0
323.5894,0
324.6111,0
325.6146,0
326.6157,0
327.6292,0
328.6339,0
329.6424,0
330.6477,0
331.6683,0
332.6689,0
333.6806,0
334.6898,0
335.7085,0
336.7145,0
337.7375,0
338.7578,0
339.7733,0
340.7852,0
341.808,0
342.8238,0
343.8428,0
344.8516,0
345.8633,0
346.8778,0
347.8831,0
348.9005,0
349.9124,0
350.9162,0
351.9326,0
352.936,0
353.9404,0
354.9432,0
355.9615,0
356.9803,0
357.9832,0
359.0027,0
360.0263,0
361.046,0
362.07,0
363.0777,0
364.088,0
365.091,0
366.1073,0
367.1124,0
368.1213,0
369.1304,0
370.1371,0
371.1545,0
372.1548,0
373.17,0
374.1768,0
375.1929,0
376.2058,0
377.2256,0
378.2441,0
379.2559,0
380.2628,0
381.2734,0
382.2827,0
383.2939,0
384.313,0
385.3319,0
386.3509,0
387.3661,0
388.3701,0
389.3766,0
390.4125,0
391.4225,0
392.4433,0
393.4639,0
394.475,0
395.4934,0
396.5072,0
397.5239,0
398.5425,0
399.5477,0
400.5568,0
401.5576,0
402.5753,0
403.5829,0
404.6027,0
405.6099,0
406.6339,0
407.6374,0
408.6516,0
409.6522,0
410.6707,0
411.6842,0
412.6884,0
413.6942,0
414.7018,0
415.7162,0
416.7332,0
417.7455,0
418.7595,0
419.7793,0
420.7927,0
421.8179,0
422.8195,0
423.8228,0
424.834,0
425.8557,0
426.8559,0
427.8596,0
428.8802,0
429.8889,0
430.8907,0
431.8992,0
432.9119,0
433.9195,0
434.9368,0
435.9508,0
436.9529,0
437.9597,0
438.9625,0
439.9644,0
440.986,0
441.9942,0
443.0169,0
444.0262,0
445.0276,0
446.0404,0
447.0412,0
448.0523,0
449.0544,0
450.0668,0
451.0762,0
452.0795,0
453.0855,0
454.0973,0
455.1134,0
456.119,0
457.1308,0
458.1443,0
459.149,0
460.1512,0
461.1645,0
462.1757,0
463.1854,0
464.1873,0
465.1998,0
466.2032,0
467.2106,0
468.2256,0
469.2385,0
470.2457,0
471.2532,0
472.2629,0
473.2781,0
474.2847,0
475.3002,0
476.3141,0
477.3151,0
478.3221,0
479.3365,0
480.3427,0
481.3465,0
482.3679,0
483.3822,0
484.386,0
485.3994,0
486.4079,0
487.4185,0
488.4316,0
489.4395,0
490.4602,0
491.474,0
492.4827,0
493.4838,0
494.4952,0
495.5058,0
496.508,0
497.5224,0
498.532,0
499.5412,0
500.5547,0
501.5684,0
502.596,0
503.5985,0
504.6078,0
505.6144,0
506.6302,0
507.6472,0
508.6475,0
509.6554,0
510.6886,0
511.6943,0
512.7126,0
513.7253,0
514.7442,0
515.7576,0
516.7731,0
517.7914,0
518.8071,0
519.8137,0
520.8396,0
521.8428,0
522.8538,0
523.8718,0
524.8953,0
525.897,0
526.9099,0
527.9173,0
528.9379,0
529.9379,0
530.9511,0
531.9683,0
532.9828,0
533.987,0
534.9995,0
536.0195,0
537.0345,0
538.0352,0
539.0493,0
540.0686,0
541.0819,0
542.092,0
543.0998,0
544.1024,0
545.1083,0
546.1221,0
547.1229,0
548.1425,0
549.1501,0
550.1628,0
551.1799,0
552.196,0
553.2017,0
554.2184,0
555.2327,0
556.249,0
557.2521,0
558.2615,0
559.2681,0
560.277,0
561.2944,0
562.3129,0
563.3288,0
564.3297,0
565.3357,0
566.3573,0
567.3586,0
568.3626,0
569.371,0
570.3757,0
571.3806,0
572.3887,0
573.39,0
574.4074,0
575.4111,0
576.421,0
577.4401,0
578.442,0
579.4421,0
580.4524,0
581.4535,0
582.4662,0
583.4718,0
584.475,0
585.4885,0
586.5055,0
587.5263,0
588.5367,0
589.559,0
590.5784,0
591.5807,0
592.6036,0
593.6077,0
594.6175,0
595.6238,0
596.641,0
597.6589,0
598.6738,0
599.6885,0
