1.010633,1200
2.029598,1200
3.045534,1200
4.062516,1200
5.06277,1200
6.085367,1200
7.105297,1200
8.108656,1200
9.133953,1200
10.15087,1200
11.15882,1200
12.18888,1200
13.20912,1200
14.22744,1200
15.23046,1200
16.25577,1200
17.2628,1200
18.27164,1200
19.27842,1200
20.32021,1200
21.32357,1200
22.34078,1200
23.37576,1200
24.40167,1200
25.41347,1200
26.43743,1200
27.45552,1200
28.48446,1200
29.51845,1200
30.54682,1200
31.55514,1200
32.55828,1200
33.58585,1198
34.58614,1195
35.59481,1191
36.61434,1187
37.64166,1183
38.65475,1177
39.66792,1171
40.68342,1164
41.71746,1158
42.75279,1148
43.75926,1136
44.76039,1125
45.80452,1114
46.82826,1101
47.84151,1087
48.85914,1073
49.85957,1061
50.86644,1046
51.88544,1030
52.88602,1015
53.88797,999
54.91351,982
55.92795,969
56.9344,951
57.9583,934
58.96564,914
59.99434,898
61.01632,878
62.03024,858
63.04095,836
64.05884,821
65.07291,807
66.09945,791
67.11833,777
68.13126,762
69.16148,751
70.18289,737
71.18771,725
72.21979,718
73.24571,707
74.259,695
75.2634,684
76.2722,670
77.28669,657
78.31668,643
79.33232,629
80.36313,618
81.38831,605
82.40601,593
83.41956,584
84.42117,577
85.43006,567
86.44659,551
87.45634,541
88.47144,526
89.49794,518
90.50755,510
91.5149,499
92.53238,482
93.55186,468
94.56239,454
95.58829,443
96.59637,425
97.60487,410
98.61381,393
99.61983,368
100.6302,348
101.6505,328
102.6572,313
103.6626,301
104.6785,286
105.6913,275
106.7465,261
107.7648,249
108.7703,239
109.775,228
110.7916,216
111.8115,205
112.8221,191
113.8374,183
114.8435,176
115.8597,167
116.8791,157
117.8937,147
118.9083,133
119.9112,124
120.9117,115
121.9284,108
122.9303,100
123.9352,90
124.9368,81
125.9614,74
126.9806,64
127.9858,56
128.9955,47
129.9987,41
131.0157,38
132.0159,36
133.0264,36
134.0426,35
135.0508,33
136.0557,31
137.0669,31
138.0691,30
139.0856,30
140.0955,28
141.0956,28
142.0965,26
143.0971,23
144.1103,20
145.1225,18
146.139,17
147.1487,15
148.1692,13
149.1758,11
150.1943,7
151.2011,6
152.2157,4
153.2391,1
154.2527,1
155.2591,1
156.2645,1
157.2819,0
158.282,0
159.3015,0
160.3017,0
161.3143,0
162.3148,0
163.3334,0
164.3489,0
165.3667,0
166.3761,0
167.3858,0
168.3932,0
169.4019,0
170.4077,0
171.4199,0
172.4334,0
173.4353,0
174.4471,0
175.4505,0
176.4508,0
177.4513,0
178.4605,0
179.4666,0
180.4804,0
181.4835,0
182.4836,0
183.5013,0
184.5222,0
185.5233,0
186.5409,0
187.5419,0
188.5635,0
189.5858,0
190.6101,0
191.6189,0
192.6402,0
193.6562,0
194.6626,0
195.68,0
196.6833,0
197.7021,0
198.7192,0
199.7415,0
200.743,0
201.7502,0
202.7566,0
203.7637,0
204.7776,0
205.7894,0
206.7998,0
207.8134,0
208.8161,0
209.8323,0
210.8412,0
211.8574,0
212.8696,0
213.8817,0
214.894,0
215.8985,0
216.918,0
217.9305,0
218.9574,0
219.9683,0
220.9927,0
222.0023,0
223.0213,0
224.0269,0
225.028,0
226.0297,0
227.0298,0
228.0318,0
229.0412,0
230.052,0
231.059,0
232.0766,0
233.0913,0
234.1087,0
235.1149,0
236.1154,0
237.1274,0
238.1461,0
239.1604,0
240.177,0
241.1773,0
242.1783,0
243.1983,0
244.2193,0
245.2354,0
246.2501,0
247.2593,0
248.2772,0
249.295,0
250.2969,0
251.3194,0
252.3255,0
253.3373,0
254.3451,0
255.3662,0
256.382,0
257.3862,0
258.4091,0
259.4276,0
260.4351,0
261.4356,0
262.4507,0
263.4718,0
264.4933,0
265.4961,0
266.4964,0
267.5086,0
268.5131,0
269.5205,0
270.5288,0
271.5323,0
272.5448,0
273.5513,0
274.5633,0
275.5649,0
276.5774,0
277.5916,0
278.6036,0
279.6085,0
280.6185,0
281.64,0
282.6497,0
283.654,0
284.6691,0
285.6764,0
286.6781,0
287.6915,0
288.6924,0
289.7122,0
290.7194,0
291.7361,0
292.7445,0
293.7514,0
294.7535,0
295.7585,0
296.7816,0
297.7864,0
298.7898,0
299.7902,0
300.7937,0
301.8075,0
302.8077,0
303.8286,0
304.83,0
305.8488,0
306.8516,0
307.8674,0
308.8688,0
309.886,0
310.9082,0
311.9145,0
312.9186,0
313.9193,0
314.9253,0
315.9347,0
316.945,0
317.9475,0
318.964,0
319.9692,0
320.9807,0
321.988,0
322.995,0
324.0087,0
325.0267,0
326.0272,0
327.0285,0
328.05,0
329.0674,0
330.0793,0
331.0831,0
332.1023,0
333.1154,0
334.1202,0
335.1308,0
336.1479,0
337.1499,0
338.158,0
339.1629,0
340.1689,0
341.1751,0
342.1931,0
343.1947,0
344.2062,0
345.2172,0
346.2344,0
347.2484,0
348.2528,0
349.2656,0
350.2776,0
351.2915,0
352.3064,0
353.3075,0
354.3164,0
355.3324,0
356.3344,0
357.351,0
358.3654,0
359.3778,0
360.3952,0
361.3966,0
362.4008,0
363.4156,0
364.4286,0
365.4417,0
366.4527,0
367.4731,0
368.4738,0
369.4822,0
370.4824,0
371.5052,0
372.5122,0
373.5268,0
374.5459,0
375.5657,0
376.5717,0
377.589,0
378.6146,0
379.6251,0
380.6432,0
381.6506,0
382.6623,0
383.6826,0
384.6885,0
385.6972,0
386.7004,0
387.7189,0
388.7292,0
389.7409,0
390.7442,0
391.7533,0
392.7663,0
393.7749,0
394.7872,0
395.808,0
396.81,0
397.824,0
398.8329,0
399.8411,0
400.8494,0
401.8532,0
402.8629,0
403.8731,0
404.8831,0
405.8842,0
406.8882,0
407.8976,0
408.9129,0
409.9273,0
410.9345,0
411.9488,0
412.9692,0
413.9823,0
414.9947,0
416.0128,0
417.0307,0
418.0652,0
419.0677,0
420.0731,0
421.0736,0
422.0834,0
423.097,0
424.1107,0
425.1172,0
426.1267,0
427.1438,0
428.1453,0
429.1496,0
430.1552,0
431.1748,0
432.1796,0
433.199,0
434.216,0
435.2173,0
436.2355,0
437.2567,0
438.2577,0
439.258,0
440.2598,0
441.2621,0
442.2622,0
443.2729,0
444.2841,0
445.288,0
446.2968,0
447.3125,0
448.3264,0
449.3375,0
450.3519,0
451.368,0
452.3686,0
453.38,0
454.381,0
455.3857,0
456.4067,0
457.4156,0
458.4332,0
459.4446,0
460.4513,0
461.4609,0
462.4713,0
463.4719,0
464.4847,0
465.491,0
466.5032,0
467.5099,0
468.5261,0
469.5443,0
470.5567,0
471.5703,0
472.5884,0
473.6074,0
474.6148,0
475.6178,0
476.6336,0
477.6446,0
478.6476,0
479.6483,0
480.6623,0
481.6645,0
482.6824,0
483.7012,0
484.7173,0
485.7197,0
486.721,0
487.7279,0
488.7421,0
489.7567,0
490.7742,0
491.7897,0
492.7911,0
493.7973,0
494.8061,0
495.8263,0
496.835,0
497.8418,0
498.8625,0
499.8651,0
500.8656,0
501.8699,0
502.8902,0
503.9007,0
504.9126,0
505.9175,0
506.9206,0
507.9277,0
508.9444,0
509.9605,0
510.9656,0
511.9843,0
512.996,0
514.0073,0
515.0157,0
516.0338,0
517.0339,0
518.0411,0
519.0436,0
520.0592,0
521.0594,0
522.0671,0
523.0826,0
524.0885,0
525.0944,0
526.1128,0
527.1132,0
528.1165,0
529.1252,0
530.1393,0
531.1506,0
532.1647,0
533.1814,0
534.1857,0
535.1965,0
536.2051,0
537.2141,0
538.2245,0
539.2258,0
540.2357,0
541.2505,0
542.2687,0
543.2836,0
544.295,0
545.2969,0
546.3107,0
547.3174,0
548.327,0
549.3345,0
550.3391,0
551.3588,0
552.3765,0
553.3959,0
554.4067,0
555.4102,0
556.4173,0
557.4391,0
558.4484,0
559.4579,0
560.4619,0
561.469,0
562.4937,0
563.4965,0
564.5126,0
565.5228,0
566.5285,0
567.5346,0
568.5351,0
569.5457,0
570.5571,0
571.5753,0
572.5789,0
573.5834,0
574.6014,0
575.6097,0
576.6271,0
577.6323,0
578.6399,0
579.6608,0
580.666,0
581.6666,0
582.6743,0
583.6765,0
584.6869,0
585.6951,0
586.7067,0
587.7093,0
588.7165,0
589.7283,0
590.7288,0
591.7329,0
592.7433,0
593.7584,0
594.7667,0
595.7831,0
596.7909,0
597.8054,0
598.8149,0
599.8193,0
